1006 curabilis μ curia 1006

66616166106,Ρ111.- 6111661611 μελέτη mc, 61661161101111111 611 1116116 61611
1, 16116166) = 611 111111110111611611,61101ι 1611111, 1.611611061·6611,1.11. 1, 1³ 6· 1, 1611.

111611, 611 11111166, 6. 11111.,1Γι11.,1161. 1, 11111166681111161. 1, 2, l. 01611616
prou: 6. 6611661111. 20, 1 1. 11. - meuc: ,611011611111666011
6611111116, 6(1616),·061111661166161. 116”, 01. unct. 3, 2011 6, 216. · 1066. 01·
16, 21 (611. 6611 61111116, 611 6116116116611- 166111. e, 1611611111). 061 11111. 116116, 01-
61116 injuria, 61111116661111111611161, 6161116. 1116661166. 6111116. 661 (11111, 611 011116
[1611111111611661 111.1611.1.1..1.Ρ1. .
1111· 1611111666, 66111111. 6161611 - curum. um, 0111011601), 6111111166
0111111111, 1111161161, eod. Tb. 6, 20, 1. 1111111111111111 61116, 1611166 611 611 6111111
“ curcum, 1. coralium. 1616661111 161 1161116116 61111611611611 111111
cii-510, Adc. (curatus), 1611111116. 111116, 611 111161 1611111111111 0611666111 611 61111
Amnis Compar. 1. Tac. 6611116111)161116116111111111161661111111
61116116, 6116, r. (curo)‚ 666 061616, 611 6611011111, 11616 0611666166 6. 01. 11. 11210.
06161 116 16611, 61161161 611, 16611111, 'Seu 11061. 18771 6116161011, (16.1, 151 (661.
meuc, 0161111161 616616 cu 1116 616. corporis 1661 0. 788) 1. u: Phrygii 0. .-. Corybantes,
crit cadem 6661661166 1116, qucc adhibetur 1161626601111116610.,16.631(61161111111.
6616161, Cic: ucquc (66. cccc) 611161 fructum 666661- 1016. 0011611111, 1, 611 (1166
cdere cx 66 6166 cultu 11 1111611666 possent, (66111161), 1111111111), 1111. 1111111110.61111166, ἵ
0161661161661611116161161161616116016- 01111. 1161. 1, 06. - Β) 0116111, 11116, 1. ³
111313111511113 111111111311 1121015’11515‘ ”m f‘¹“''¹¹'“'²⁸“‘
116166 (11. mci) 611 quid ego agam c. ’611 curin, 11. si (6166166161) Quiris), 611 ’
6616111 61 6116 um 6161 116111661161 11661. 61111, Ι) 111, 1111 61160 6061611611 111111
-11) 1666116 1) 611 1116111111. 1. 1. = 611 116 1111611 6111161116111, 1611161 6166111111 6116166111,
1111611116 016616611611161, 611 6161611666, 16616 11 1111 661 616 6 1111111611 16111. 111111
661 6116016. 1. Liv. - 2) 611 jurii. 1. 1. --’ 6161161116611(1361111161)11100111161611111.
616 2661611666, 6111111, 101. - 3) 611 61616111616111111610116111611116111111)111.
61611. 1. 13616 6111166. 661 (1616111 661 1116 1111 616661 16 10 0116116161(166161), 1161,
6161, 611661 01111111161611116), cuc, 011. 1. 13, 6 sq. 11161. Vir. 10. 2, 12. 1191. 1. cunio
611116161161611161616 6111116616 1616116666 66111161). ‘³⁶²''i11'c111mssucucer1&5811
1111111Ρ1ᾩ6111111Γ161111116ίὲ1101ἓαῗι uultg 1616111511 111111111α111τ111112116ῗωί13161
116), cic: perturbationum, quac exposui, 16- 611 111111 111111, 66101111111611111,11111110.
ricc 1161 curationes, 01161, 6111111111, Cic. 161116 616 (11111111166161111616, 166 616 616
cmm (111 coercitor), ⁶11⁸, 16 (0110, 611 1161601611116111 611611611611611611 gemuit
ccccc), 661 01161611, 116111616011111, Ι) im 161161611111116111611116116111161661611116
111116 1661166 curatores ur 16, 1666616 ludo· 11611116161111111 1161111, 611161 votam, 616
rumque 6616661161, cic: c. 161111116111 c. 611611, 11111111111111, cu 611 01111116 m m.
1111131111101161111111111.· 1¹¹11:111⁸.‘1211'1315‘1‘011552215
611 11616116 611110661161611, 61. aud> 11666 0 11. 661 111111 16 61111161 611 compitu-
0061161111, 1161116111111611661111.(6 1011. Fu ricium (16611 1.11111611111161)61161116111
Dig. 20, 7, 5. S. 5 6. 6), Hor„ 8611. 1111. 616161616611661. 11.171.-11)11611., u. 1611
6111116111, 16, s. (6111161 no. 11), 611 unc· 1666116111111616 1116111611 11111 1) 1111 ue·
11116166110616111, 1166166611. 27, 1, l u. 611611110661111111111, 611 1111111, 1) curi·
26, 6611 1111611116. 061111. Hostilia, 111111 aud> 1611616166 111. (11111
cursurum (1111111116), 1, 611 (1611161 10111 161 611 6116 16161161111111 01111), 611
, 66.1),116111111ἒ111111111,6611, 611 111166 611 1161111111 616 0166166 1611611611, Van
611111116611111111, 611111. 11, 1, 20. LL. 6, 62. s. 155. Liv. 1, 60, 2. ΡΙ. 3111, 7.

cli-itm, 66, 4 (6116), 611 0111161111, s. 221 616. 61. curia, 01611611. 2, 17, 313 011

· 0616611116. 1611166124· 11111-11.α)...6666166..,, u,

6111111, a, 6111, mj. (6. curo), 1) 611 11111116 661 0111611 1. 61101111111166 ςῃ-ῑ, 1,.
06111611 61111111, 1111611111, 66666 benc c., venique 6161661 1161. od. 3, 5, 71 mm urbe
011611161166666 1.161611116,Ρ1.1 66166 61 66111,016. Plane. 2011611. — β) 013 ,ζμ
161 616 111611616661661161111611116111,0116. 61111161 1611611169, 6111166 111161 ccc 6111116

1116111061616116111116111, 1111111111,111· 111666 videretur, convivium Tusculani, ,16
6111116111666111. 66111111111111611166

6116111) 661 1111161116, 8111111. 11116111 7, 27. -1) 611 611116611166111 611 &cccxc
1611. 611611. 1. Amin.- curculio, 116111 11611 111 u. 661116 011611611606, curin pauperibus
1616 6616. 11666611 611 11116111. - 11) 6611, 611666 611, 6. 1. 611 1116116 1661111 11161 1111 ξε
616 6116111111 611166, gurg. 6. 1611. 4, 66. 1616661161 16. 111116111601111161161 ium
611-1101161111, 1, 1611161161. 6. curculio), 11116116, 01. Am. 6, 6, 65. - 101116 Dru 111
1111161111611ε11661016611161111,11161 0116611166,061111111116161111 &cm
1111116610. 5, 2, 68. Liv. 2, 23, 111 111. Suet. 0. 2211. 1. - 1.
cim, 116, r. 6111116111 6611111661 611 1611116111, 661 6161 1116111116, «6661 3. 1551:-
0661111, 61111611 611 61111 111111 1. 6111116 1161111611, 666 616 1111111116 11161111 ι. 111·

 

