1111 111111 1111 ι 11

2, 43 7, 4, 1. - 11) 111111, 111 1111111. 1. 1., 191. 1111111111 91111. 0111111-1111111
111111. hibernacula = 1113111111 111 amntem A) 111 111111 11111 11111111911111111111,1
1111111111, ιι. 111 1111111 111111 111 8111111111· 111111 111111, 111111 11, 1111111111.
tim, Nep. 1.,11. 111 111, 1111111111111, Tem 1111111111Ι
Hiber-1⁸, 11, 1., 111 111119111111111111 huic 11111111 = 1111111, ,11111111111111111
111111,0111. BG. 5, 13. -117111111811111111 11111111. - 1111111111 11111, 11111 1111111
1111111 1. 11111.3,θ,611111111. 1111101111. 111 1111119111, Τ11. - Β) 1111 111. 11111
1181. 2, 251. App. demando 111111, 14. 1111113111, 111111,11111,11111119191111
hiberno, avi, 111111, 111 (11111111) == 111· 11111118191111111111,111111111111111
μάξω, 1)11111111111111,Α)111111119., 1111111. morea, 11.ι111111191111111111,1.11.-1
ΡΙ. - Β) 111111, 111 1111111. 1. 1., 111 1111111111 111111. 1111, 1111111911 31111111, (1111
1111111111111111,0111111-1111111111- 13, 3. , ¹
11111111111111,11’ “m“ 11’111,1111111111ὶῖ1111; 11
hiberus, 1, 1111111111), 1111111111), min· 11111 1119. Genu„ 111 viciniae, 11111111
tet„ Ι) 1191 tempus, 1111111,011,1 1111111111- Ten: 11. 111 illic, 11111 1111, 11
11, 11111. 11111 1111111111111, 111 1111111111 11111 11 11111 1111111, virg. -11111
1111 111111111111111, Virga Alpes, 1111111111, 1111 = 111111. 1111111, 11111. 1111111111
1111,Η11.1 occidens, 111 11111111111111111, 11111111111119111111,11111111111111
1111111111,1111111111111,Ρ1.1 111111, {nuum 1111, Cic. ιι. 111 111. 111111191111111·
11911, 111111111111111, 0111. 11111 1111111 11111111111111111191111111111119111111·
111111191111111111 1119111,8111-3111111.,Ρ111. 111111 911191 u. 9111111 11111 = 11111
1111111.1ιι1111.,1111111,11111, 11. 1)(11.111111) 11, 111 111 11111111,01ο.; 1911119 1111
1111111911, 011111111111111, 0111. 1111. 51, ll. -Β11, 1113111, 11111111·
(1111111111 11111111911110111.Βο. 1, 48, 53 11111111, 011. 1. ss.
11111111111111111111111.11ῑ ..111.·.111·ἱ’.111111“;1.1
32, 1, 111-11) 11111, 1111111111 = 1111111111), 1111. - 1111191111, 11111111,11111111·Ι
mare, 0111111111, 1119.- 1111111.1’1’111.1ι11.1 1111111111. 111 011. 11. 11.
111111111111111, Plaud. 111111. prol. 611. 11111ίί11,1(111111),1) 1111111111
nmmo 1. Iberus. 1111, mmm, 11111111, 111111 111111, 011
1111110111 ἰ, 1ι.(111111101),111311111 aber 11111111190111 111, 0111 [1111111110. 1
0111111 (Althaea 1111111111, 1.), Ρ1.191191111 1111, 111 111111 1111 im 11111111 1111111111
compellere 1111111 (1111), 111111 011111 11111 11111111 1111111111 1111111 11111, ΡΙ. -111
11911119, , 111111,1111111111111111,1111111
1111111111, 1., 1111 9111111111 11111111, 1111 1111 (091 . aestiva), vniat-mopsus&
11111111191111111111,11111111111111111111 11111111, 11111111, 1111 &turn 11111111
&an 1. 1111111 1111111 1111, Pl. — b) ιι. 1111111 1191111, eim nimbus, 011 1911111111
11111, 1111 1111111111 111 11111111 111111911111 9111111191111111,8111. 1
1111,111111111111111111111111111161111111 1111111111, 11111. 1111111), 1111111
1ῇίΗῖξὲ 1111111Ἥῗ acuamur (1 11.. ωἶῗέξῗῗῃῖᾞηῇἵῗ· RR' 3²„-
111111111111 1⁷, 1101111111, 1111111111Ι &emam 111 11111111 1111 111111ἰι1111,(1111“1;)1111111
¹ 1111111111111), 111111, 11111,111111 (1.11111 1.8111.1111.1.611111111, 8111111111
111111111111111111111111111111, seit 1111111 11110111. ιι. Nep. — B) 11111111111
111119111111111111,11.1191111111.11111111111 impero. hiemat, 11 111111111111111111
1111111111111 11111111, 1111111111 1111111111 - 11. 1111111111 11111, dieu 1111111. 1111
111 1111111 ιι. 1111 1111111, 11111111 1111 &amia 1111111, Hor. - 11) tr. 1111 1111111111)

1111111111111111 1111111119 111111). 1) 1111111191 11111111 1111111, 191111111111111111111
111 avunculus, 0111 911111110111 111 111. 111111, Pl. ¹
1111, 1111111111, 011-1111. 11111111, 0111 mental, 11111, 111ὓ111 1111111
1111111, 1111111,11111111,11111111111,011.- 11111111111111111,8111111911 , 1
111 ille, 1111111191, 111111 11111 111111.111111.(11911ᾠ1111111Ί1114
1111111111 111111111 11111111 111111, 111111 11111111111111111), 1. 1111111111 1

’1111 11111111 111 111 1111111111111111119 1111 111111111111111111811111, ὕων
(1111111111, 11111111 6111111111111111111 11111111111111.,Θ11111,1111111111
11111111),011.δ-111111611111111111111111311111 0111111, 1111111118111. - 1111111
1111111111111111111ῑ 11111111.1111111111.

. 111111111119111111111111,011.-1111111111, 1111111111,Α)111.1 1)1111 111111111-1

m 11111111, 11111111. 11111. manifestum 1111 1111111. 1111111. winter 11 11 111
-ιι.11119.111111111.ι1111011111., 1111111111ᾱί 31111111111111 1 . 1111ης11111111·
111, 1111111.,011.111111111111111111111111 11,1.ς.311.11,111111 1111111
111, 11.-ιι. 111ε111,11119.111.8, 423 ιι. 11111111111111111ῃο111111111111

ss. -11111.,11111.11111); 1111161111, bie· 111111 pati, 8111. - 2) 111 119111 ξιτ
11161111,.1111(111111, 11111111111, 0111 1. 111. 11111111 (111 111111111111 11101·
1111111011.0111,8,21.ρ.18. 1111111111 111111 111 1111 111111191111111111111 2'
11111111118119111111,011.Ν1).1,11,211. 11 221111111111111111121. 11119 affl

 

