1357 form 144ιιιιι 1353

144444441344444441144443441444341414, 0444,4,1,13.1,14.24,27,3. 041,3,17,15,
21441444), 44411444 4444111444 3444444144444 - 41) 1441ι 4444111414, 444 3144444414, 441
41444 4444 4444444 4444144,4ιιιιιιι 414, 23, 444 1144441114 44444444 (ad 4444414) 44414444

13, 13 (44444 44 114 4444), 144, 11. 1. 4113, 444 44444 vitu. 4443144344, 14445145,
31)(144444 44443440 ε,,31444ιιιιιι14” 4404444 324143,

1414344441144).-341444114444ιι 31444 441444 1344444444 (444. ιιιι 1444444 1114144444)
ιιιτιιιιιιιι 4444 4444 44144444 0433444444 44444ιιιιι4ιιιιι34444444144, 441444· ,42414

ιιιι4 414144 444 4)444 411444 444 fou-110· 3134414443 benificia 3444444 defore 444-
nm (11. 3, 5, 3, 433, Tac. ει 12 ,24) 41444, 44444 44ιιι 444411 34444 4441444444,
1444444444444444414, ιιιιι· 11, 41, forum 4144 ιιι 44444441. 4444444444, Nepa verba 414
Liv.1‚12,·8 ,341413 014. Am, 13, 144, 1444 4444 444, 414 3341144411 444 34444444·
4444 441 441 4144444 0,), 4144 4444 ,14444 4 4441444(344111441444444144441 34414444 44
44414 31444 (444 4444444 344 444444444 330 414144), Cio. — b) 414 34441414, 444. 23444
4414444441444110-130 44411), 4444144141. 14444411, triduum 1444 operm dire, 44 444
tom 41444 444444444114, 4441444 4444 444 4444444444144444144413414 4441414 441444)
44141111, 314414 4444 44 41144414144144444411 114414441414141414 444441414444444441, 34
torquium 341444434444414444 1144 (Livi 1414 (414 31444414414444 3114444144) 44444,
15 exin), 41414441 44444 4444544444441444 4,· 4444 44114 pecuniarum, 4444 441444 444-
1144444, 3441144 (44444444), 444, 41413444 44144, 444 3441444444444 Forum, 0144 4444-
44144434444144444 4444 41444(44444444144 44 iore 444144411 441444 Oica ιι·,4414444444-
;Ξ·1ἓ1,·14443.,14,,13ῗ,41 311111, ...1411,4441121441
4444 0444444444444111, 3113414441144444 3414 444 11441444 4411444 Ter. -4) 414 ott
44411444 3444440344 44444 44444444 414 (14314414444444144444, 444, 3444144444144
444 4144 4441144114 3411444 34444 (ιιι 31444) 44, iorum attingere, 44444444 3441444441414
4444414, 44444144 3414 ι444114414444ι41414δ144144ιι, 444. 41444414413144414 44444144,
4444441444, 44444 44414111444314444441444 4· ιι, 44141444444444441444, Nepa ιιιιιιιι
4444144411 4444444344141411441444444. indicit, 44141 44 444 ῦιιιιιιιιιι 3141141444114
41,, 4444444 44444440431444 44144444, 4444444414444411344414444441144·(3441414
ιιιι 44 ιιι 444 3144444444 ιιι 14144 3114444 444 3444444144444) 44 44444 11444 144114-
14444 ιιι 4414444, 444. 4444444 4444441414 4434· 444, 414 3444444444444 (4. 1, 414 4444444,
444444 4,4ιι4444ιι 444444111444444414444144 414 3441414444 4444444444 4144414 ιιι 141444

41444444444444443441144 44444444444144 44441444, 444,) ’14444444 sorum mavit:
414444 44144444 1144404444, 1, 3444 31411)ι444ι4444141444444414454441, 44114,

4444, 841212, ..14 Η44.341.1,”3,11344, 113, 57 3441141434 4114441444 litigare,
,31444 44414444 414144. 41434441144444444 44444 414 444444 41444 (1414 444, 1441444
41444,1444,44444444141111444444144444 44441444 (4444444444444444441, 444444 34
144444, brom 04444414, ιιιι (14 4444 ti 44444144 444414444 44) 51444.4ι,444112,
414,44 84410.23.11.13,44,33.--ιι,4) )1444,,1)41434ιι441441443444414444
'nnn unm, ιιιι 34 44444 444444 (snat. 444444 ιοιιιΙιιιιιι 141144 regni 4441444414544-
ι, 23) 444414 41444444414444 31444441444114 tum, 444 4444414414 3444414 ιιιιι 3144414144,
44314434 4444441114, 11,,7 53, 54, 4, 133. 4411144. 47,.1

»v 144552, 041. 415, ’14, 0v Tr. 141, 2) 414 3411444· 4444 30144444 41444 1144
7 (11444 44411444 04444414 [44, 1444413), 41, 4144, ιιι 144444 444 34444441444444 ιιιι 3144
ιι ιιιιι 4.4ιι 41441 1230441144ίῶ ι444 44444 444431441114444,34414444444144444444 (ι,
1441414144444144444 4444144444 4.· 4441494441- 3444444444 4444144444) forumque 13441414
ι4144144),- 44, 414 3444141444 444 41444 4441 4441441144, 3444444444, 014- 4444. 314444
orni. 544, 141442 ,3,1, 5144444144. 3144, 414144 311414, ιιιι 44444 441 444 4414444444
nv. 4, 3, 15. 3441444114444444 4141444111.Ν11,)44414ιιι
2) 414 4144431441141444, ιι) tm· m· ιιιιιι. 41141110 04411 414 31441444 44444
ιιι, 44431444444411, 41414444 4444 314444 4441444434444 44144 41444444 44444411

144144444444441444, 41441444444414444 414444 3144444 4441414 444 31414444. ,3114-
444441 341444444444434,1444,1,1,,5,...324 4444,014.,114,2,13,1144.344.1,5,3,-β)

46 111144,.30,5,1,14.21,32,2.1,1.34 1444444 Aureum, 04414444 4144144 44 441
5 ς. 10, 441 12 24, 441, ’404 F. 4477, 44441144443144440141444114), ιιιιι11. 3444
-1411441ι 4114441ιι 444 3414414111, 11441144441441441 41144444340144141,
bi. ιιιι 3444144 444 3144441144 41444444 444ι 3,,24 -γηοιιι eonem. 31441444 iiia
44444114. 414414. 44ιιι 31444, 144414 coium 444441441444444, 3411144, 444014441443414,

«4441434344, 44 444 ιιιιιι 414 ,114444 444 14, &aaa 4444144,14414, 014, 11444. 12 ,5,2,

,44, 1414, 5, 324 .1,43 1142434334. -3)1·444ι11141144ιιιι. 4141141144 44444
2, 43. 13144,ὗ(1444,1,4444ιι444144ιιι4),4ι 444,3411141ι,40444411’44444 1141544014.

48,3.34441444144444414444444414444 Fam. 10, 30, 2. -44144444404111444104-
„vit ,11444 (414 4ιι 14444 3444441 444444444 11414,οι44114444444 343144, 444341, 31

mittini 14114411)441443)4411444444414441114444. 444 44144144441144144, 114114, b. 01411444,

4 a‚2‚.-el complurimi 41444· 13, 143417, 1. Τιιι.Δ.2,,33 2· ,1144444-

»tl-n, 444 41414114.144444ι144454411144 114441444144144. Tic. Η. 2, 14, 3443, 42,,5

010100144104443444441443,Ίῖ10)111341411101040113040111,614414446411441444

4414144441, 144411.. 5, 32. 5. 143. 11444. 444444, 3411144, 5. 541444 4444 Drmiam

 

