,775 cinnabaris · 01111 771

(11111, Nep. 1. vulin 11111111, 1111.- 11) Um, ἰ, 11. 1113111111, 1111111 1111111111
11111 &nnn L. Corn. 01111, 11111111 111 111111111111311111111111111111 ,11111
11111111. 111111111111111011111, 81110. 1111111111 111 1111 111111 111111, 1. Μ.
11. 11. 1111, 13 191. 111. nnn. 1, ιο, 11111111. vnnu. 1,1,1. 11111111.

11.-11111111101111.111111111111,111 ς. 123. .
1111111111 1111111.. 1101. 01111 Magnus, 11111, 1111 1111111, 1111 1111111 111111. 1111
1111111111 11111111 11111111, Son. 01111. 1, 11111, 111.1111101111.111111111111. gn
9, l. - IV) 0. Helvius 01111, 11111111. 50111 circum, Ι) Ano. 11111111, 1111 11. 1111111111.
11111111111111111111, 011111. 10, 30. Virg. 11. 1111111,11111111111.“,01.1 1111111111111
9, 31. 111115, 3, 5. aute uncaque velun ripa 11111111 1111111111
niumm, jn, s. 1. tinniunt, is, 1. omnem 111111111111 111. 1111111111, 21,
8111111111 1. κιννάβαρι), 1111 111111111111, 13, 4. - 011. 1) 1111111111, iu 111 01 111.
1111111111 111, 111 11111111111111 01111 11111111111111111111111,1111.1111, 111
11111111111111111111111111111111 1. 1. 0111- quod 1. muri 1111,1.11.-1111 11111 anne
1111 Draco, mun.) 11111111 1111111111111 1111 1111 1111 011111. 11111, mulum 1. 1111-
1111, 111311, 38. 1. 115111. nanum 11111111 111111111111111111111011111,
111111πῦ11, a, um (cinnamum), 11111, 111 nim 111. 81111 gn niv. 21, 7, 1. - b) 11111
3111111111,11(111 1., 1111 odor 1., App. 1111111111. undique 11111, 1111111111ιί1 11.
11111111111111, a, um (κινναμώμινος), omniu 11111, 1111111 1111,111111111111,1.11.
1111, 111 31111111, unguentum, ΡΙ. 13, 1, ². -11) 1111111. 1.,411.1 Α)111., 1111111111,
ς. 11. · 1)(11111111111111111111111,1111111111111

cinianum, 1, 111. cinnum, 11. 1111111111111, 111 111110111111111111. 111
(κιννάμωμον u. 11111111), 1)111 3111111 111 1101111, 1111 11111, 1111111111) 11. nn
(haurne 0111111111, In), Pl. 111. - 111 1111 111111111,1.111111,Ν11.11.11111111
0111111111, Ρ1111. - 11) cinnunuum 111 1111111, 0111 111111.111111111111,01.-

, 111111. ε31111111111111, 01. 111. 1) = 11 1111111 11111, legum 1. vi-

, 1111111111 111 0111111111111111111, 1111,

Cluuium, 1, 111, 1011111111. Ι · 11111 genten 1111111111 1111111 1. praefecto·
1111111111.(11111.11111111111111111),111 dimissu, [11.-11111 111111111111111 ve:
W 11111111111111111 111011111 1111,
ἳδόἴεξῐῗῗῒοῗξὶ {gum 1111. 11111) cingulum, 1ι mmet? 1111211111 111111 1611112ῗὸἳὲἕὲ
1111111111), 111111111111111111111111 111 -111, 111 111 11111111 1111111111 0111111111
1111 011111, 111 0111111111 0111111111, 111 1111ε11,1.11111111111111,1’111.11.1111ω,
111111111111111111111101111111116111111 111111, 1. auron, 1. 11111,0111.-4)111
111111,1111111111111111111111111111111111111 131111111111 nnn. (111 1111111111, 8111111,
1111, 11111 1111111111. 3, 25. 11101131. s. 14⁹ 1111111111 111) 11111111, 111, quon 1. 11 lube
111. 11111. (aL 0111111111110111. p. 13, 9. 111, 011. - 11). 111 1111 11111111 1. 11 n(= 11
cnam, 1111, m. (Kfvvu, (1111111111 u· 1111 τινα), 1111111. 1111,8111.-1)ὶ111.;
1111),1111111111111111111 11111111, 11111111 1) 11 1113111, 11111111 111111111111111111
Ι1111 111 1111111111 811111111111111111, ,31111111111111111111111141111,1111111
1101111 111 Macae, 1. 01111111..11’1118)11- 1111111,1111.1 1. 1111111111 ,1. neptunum
1111111 1,11111111111111111ῑ 3111111111111111111111.11
1111 11111111, 1111111111 chelydrn, 011 Mu· 111 1111111, ο. 1111111111Ρ11111111, Quint. -·
111, 1111111111 1111111111, 111-1) 1111. = 1) 111311111111111111111, 11111111, 11111.
111111, 1111111111 1111, 11111,01.1 penten, 11 11111111 111 11111111. 11111111), 1111111 op·
ι 61111311111. (111111111111111 fissssssffssssnffn‘ssffffss'ssssns'{nss‘uffl‘ssss
1111, 111111 1111111111, 111111 111 11111111 u. 11101111111111,111 11111111111111111
1111111111111111111111111101111), 1111111111 1111111111111111111111.11111,
2119111..- 011. Α) 1111111, 1, 11111111 11, 1111 11111 111. 11 1111111111. 11111111
1111111111, 11111111, 011 1111111, 111111, 11101111 .,11111. bunun 11111111111111111-
01. - B) (11111111, n, um, 1111111111. 111,Τ11111111111.,111111111111111 11111·
Cyprus 111. 8, 716. - 0)011111ι1, 1, uun, 1111,1)1111.11.111111111., 11111111 dispu-
11111111, 11111111111111, 111. snv. 1, 111 11111.
1, 214. 1111111, 11, f. (1111111), 1111 1111111,
111, 111, 1. cieo. 1111111111. Pl. 11, 8, 33. ς. 10.
uno· 11. culus, 11, s. (1111111), 01111 11 11111111, 1, n. (1111111111111111311111
1111111111 111 1111111111 1311111111, 1111111111 = 1111111111, ΡΙ. 21, 13, 111147.
1111111 111111 1111 1111111111, 1. 0111, 111 elmenh. 111. (11111.01111)11,111.1ι,
0111111 11111111, 111. 32, 3111111. l, 111- 11111), 111111111111111 111 1111111. 111
Qun. 01111, 1111, 1. (Κιανοί), 1110111. 131111, 61111111 1111111111, 11111111 1111
11111, 1111111111, 111. 31, 31411. 81111111111111111101111111111,1111111111
emus, i, 1. 111161911111111 6111111. 111 11111111111111101111 1111111111 1111111
1111, 1) 111 1111111111, 11. (1111111111. 11111111 1111 111111111111111111111111 11111
lmen—buna 0111111111111111111111111. 1111, 011. 118113, 111, 411. 11111111 0.
1)1.111111111111111111111111110111110. 111111, 1111. od. Ι, 17, 20. 11111. nnn 111111.
1114. 11111 1111. 01111. 111181. 11131111.

 

