797 · 11111 111111 798

west· 311 cim· 111111 111 111111 1111111 1111 17111111, 11, 11.(111111), 111611111111111·
(1111011111 1111111111 11 1011111111, om, 11111. 11111. 3, 22, Ι.
1, 13011111 111 1111111 11111 111 1111111111 111-11111, rm, 111011111111, 1111111111.

611111110111111111111 1111111111 &ana 1,4,17. ,
11111111ἱ11111ἱ1ἓ111ἒ111ἑ1,0111111Ξ1181111 011111· (111 Caspius) 11111, 11111111 1111
111112. 11 1... 11111111 11111111111111111111
11111111311111111 11101111 1111, 11 ,1.111· 11111111 1111111 11111111 0111 11111111, 01111
ἒ1ἐ111,111111ὲο,6513,1.(111’1ίο11111 11011111 11111501111111111110111111111111111111
...111311 ..111ῖῶ 11111111 11111111111111ε11111111
1111113111111,1.11.0,42, 11, 1. 2) 1. 111111 15, l, 2. Ρο111. p. 12, 11.
11111 (1111111111 1011111111 1111111111 111111 111-1118111111, a, 111,11101111111011111
111111, 1111111 111 11111111 δ1111111, Vua. 1111111111, Germani, 0111. BG. 6, 2.
111. 1, 109120911111 111 01111111 1113111 anamma. i, s. (moot'vospoff), 1, 111,
(11 0111), §tat ’11.0, 2171 111 01111111 111 01111 11111111 13111111, 1111 1111 111 cyclami-
1111111, 1111, 31313231 1.111111.,111 111111.25,“9,08.1. 110. ·
,,01110”ξ1113111111111011111βὶ1. 111131. emen. οἰ, 1111011111), 111111 111 11111
1Μο 111119ῑο0). 111 memma, 11 11111 1111, 1111 111111 1111111 11111111 031111 111 111
11116111111111111111011111,1111111111111111 1111, Hyg. 11. 91. ·· 1011. 0111811. 11111, 1.
111, 01. M 8, 111. Virg. 011. 488 11. · (1111111), 111 01111111 = 1111111, Virg. Aen.
11111111, 1, 111 (cirrus), 1) 1111111011. 7, 320.
11111111, 1111111, cotem 1., 111 1111111811 11111111,11111, Ι. (11111111 111 κισσός), 111
111, 16111111, Mun, 1. 111. 111111.. ῦῖπῑῑὶ, 1111111111 111 11111111111011111111111, ΡΙ.
ζῃιτὲἷπῗ1ῐιίξὶῗ1ᾞ1ἑ1Αουῗθ1ἳιΙέοὔιὶὴὸἶ aalma, is, ffiwodc), 91111, ΡΙ. 111, 31,
111111.111(11111),81111111111111111111. ⁸ ,
1111111 01111111, 111111111111111011111, 1111111111, 11, 11. (1111111111), 1111111111
111. 11111111111111111,1.11.3,172. Mun. 1, flue 0111111111, Macr- 811. 5 21. ς. ll 1 q.
77, Mel. 2, 3, 1011111111.ε111,,111111(111 11111, 11, f. (κίστη), 1111111111. 111 astla.
Dtoeft1⁴‘ 1111. 8, 131- 011. cumcun ι, 1131111111, 311111011101011, 011.,1111.
111(11111’11”11),1111111(11,111, 1111. = 1111· u. Col.: 11111011111111 11111111 0111111,
1111111. 11111111, 811. pois-‚m 11. Tib. 1. 011 11101111111111 11111 1111111111,
dnm, 1, 11. 1) 1111111, 111 011111111111111 11111.
121211111111111111111 ..11111111110111111 mam.
11111111.11111,,1111111111111111(1111”111 11111011011111,[41111111111116 111111·
11118111,111.1.’1’111.111161111 111111 1111111.011111111111 (1111 01111111), 1111.
werbe, 111111. -11) 11111 Δ) 111 111111· Trin. 2, 1, 81.
111111( 111 111111 11101111, ΡΙ. 11, 07, 41. 1111111111, ae,(. (11111111. 1, cistella), 111
.1224-Β)111ῦ1 11111110111111, Pl· 1111111111111.111111ρ1.1111111.
111837. 118. A) 1111111111 11111111 11111111. 111.111011111111111111111111
111 0311111111, Pl. 28, 7, 20. ς. 31. - 0) 111 0111111101111111, 01111111.
81111111111131111111, 211111. 2, lt& Ι elaten-arnus, 1, 111(11111111),11101111111
1111111.1ἰ,1. (1111111),11111111 11111. 1111111, 0111111111. 1111811. 1. 11.
ΡΙ. 27, 8, 39. S. 31. 1111111, i, 11. (xlmae, 1111011),1Ι111111111
(msam. (11111111611111011111111111 1111111 01111111 1111 1111111111111 1311111, ΡΙ.
9111111111 111 0111111111111111111111, 01111111( 21, 10, 18. 181.
111 611111, 0111111111 1.(1111111111111111, 1111 1114111111,1,11101111111111111111111111.
0111111111, 1111 1111 (11101111101101 1111 2111101 1, 2, 2. s. 33. .
(111111), 1111. 29, 32 11111. sau. 111. 21, 21 111 11111111, feri, 11.(111111.1111),1Ι1 Mn·
111011. (timpum. 1111, 11. 111 1111111111, 111111, Mart. 5, 17.
11111, 12, 3111. clumam, i, 11. (1111111111, Mens
11111111. 1. 11.(1111111111111 iu 1. 111, 11111111111111111, 1111 1111111111 9311111111
1011111111111111111111111. 1), 11181111 (6011 11110111111111101111 (111. 111111 0. 11111-
W Ι)ἑ.’1.·’13111311111.’“’.“’ ’1111 ‘'3³3⁸’‘ ’131111111111111 ·
1110111111,11111ἶ1111ἶὲ1110111ἶ13112111111ῗ Ι2811118111110111ιῑξῗζι1111ε111111111, 11111110 11111
‚ ’“1ἷ’.“ι”ξ.ἱ.“ἱῖ“ξ“ᾆ“.“,“1.ῗὲ,“.117.ΐὲῗ,ΐ. ,.. 11111111111111111211
2 ’111111111131111Ξ1 111 1111... 111111111111111311311111
ᾗ 11111111, 1111. w 19, 2, 11·- 111181. 0111111111 11311ἒ11ᾋι111ἷ, 11 1111111111
11111111. ..·.“1τ.1.1.....,.... 11111111 1 ⁰·”·
· 1”11212.1Ι.1“1“;“’’11111.,..... .11·,“.“.Ι11111”11”.1·”·””“1’9110
1111111111.111111111111;1’ῗ’3,12,111100.ί 111111,1111.(1111111),111111. 1111111.111

 

