857 11111111 Comere 858

1111111, 111 011111, 111111 1) 111 ung. 1111. (1113111111 111 1111111111 11. 111 111111),
1111 011111111111111111111111, 011111. 03, Ρ1111. Mil. 2, ’1, 58.
71. - 2) 11111111 22 111 1111111 111111 11111111, 1111111111,1111111111111111111111111111),
111111111111111, 1111111.11,1.-1)111 51111111 11111111,11111111, 1111111111111111. ⁸
1111111, 111 811111 11111 1111111111, turres et 01111.11,51.
1111111111 111111,1’111.1 11 111 (11111111, 011. 1111111, erum, 1. (1111111111), ,1111311111
1111. ·- 1) 1. 11111111 111111 111 111 01111111 11111111111111111, 11111111 11111111 1111111
11111, Nigid. 1. 81111111. Ge. 1, 218. - 11111111111111111111111111111111111,111111·
Β) trev.. 111 611111116111111ε1111111111111 1111111, 11111111. somn. Scip.1,15. S. 14.
111, 1111111111, 1. amicorum ,1111111011111 dier-ner, 1, 1111(11.111111111.111111111),
11111111,11111111,111111111111111 111111, 111111111111111. 1391·
11111111, 0111111111111111, 111111- 11) 111 ellone, 1,111(111’111111), 1111111111,
11111 111 8111111 111 11111111, Α) 111, 011. metrum, 1111 1111111111 1111101111.
1111. 011111,18.-1111.1.111111111,,111 18111, (1,1.)11,1. 11111111111111111
111 1111 11111 11111111111111 &beben 111 1111111011. 1. 111 111 1111111111 111 1111111, 01.
01111111111, 1. 8101111111, De 1111111111, 1. 1.- α· masc„ 0111111113, 311. - 11) 111.
Vitr. 4, 2, l 81111111. 1. 4,1. - 11111, 111 ten. 111111 111111111111 11111, 811. 11011.
611111, 111011111111111ε 111 511111, 111 11119.
0111111111111.1.1)1111111(111.111111.’111. 11111111,11111, 1. 111111 111 11111111
Ρ11.2,1,51),1.111111111,Τ11.1 1. reipublicae, 1111111 (01111111,1,.),Ρ1111. Ρ111. 1, 3, 1.
eie. 1111111111, xdie, 1. (1111111111), 16111111
ellum. ee, 1. (111111 1111111111. 111111), 11111, ο1111,111(1161111111111) (1111111111,
0111611111111111111131111111111111111111111 111111111101111, 011. 1. a.
11. 8111111111 11111 0111111111, 1111111111111 1111-1111,1,11.(11’1υμβος), 161111111111111,
(111. 111 (1111111 11. ῧ11111111111),1)111.,011. Lempr. 1. Prud.
11. Ua 11111111,1111111111111111111111111111τ. eun. 111111. = 11111. -3111 11111· 1111111 11111
1111 111 111111111131111111111(1111 111 111111 1111 1113111111111111111111(111111111111111111
1111111111 11. 111111111), Ρ1111. Mil. 2, 2, 114· 11111311 1111111 111 11111 11111, 11111111 1111
- 311111, e) 11111111 11111111(Μ1111), 1. 11. 11111111) = 1111, galenum, 1111111111, 1111111,
11111111, 111 „wammeh” 11111111 forum ,13111 111111 1111, 11111111111111, 1111.
11111.,11111111111116111111,1111111111111ἔ11111Ξ 111 = 11111111111111, 11111111,11111111,1.111.
111 11111111 1. 11111111 1111111011. Div. 11 -1111 11111111111111. 11191111111111111
caecil. 111, 501 11111.,11111111111111 11111111· 11111 (1111101101. 48, 159), 11111811111111,
mm, 111 111111ῧᾶῑὼ beugen 1111111, ebat 11111111 111111) 1112111, 1111111 0111111111 11111111

81111111111 111111 11111111111111, 011. 8111. (1111111111,(11111111(1111111111111111111),
8, 181 111 1111111111 pervenire, eie. clu. 13, 11111111 11111,

39.-1>)11111111 11111111, 111 11111 81111111 teme, ee, 1. (κόμη), 01111111, 111111
W 601111911101111 Mum 1111131111 11111111 111111 111 11111111161111111111111111111111,

1111,111111111111111111111111116 1111011111. 111 1111111111, 1111111111111, 0111 regie,
1, ’1, 12811111. - 1. 1) 111 011111111111111 111111111111,011111.-11)11111111111111111111
(11111111111111111 = 111 ,,Θι111111 1111 beten* 111 1111111, cele: 1111111111, Ρ111.1 1111. 1111.
11131111011111118111111(11111111.011ῑ1), = 111111, «1111111111, Stet. -· 11) 1111111 1) ,1.
Mela 1,11,31.1.. 1111 1111111, 1111111113 nte 1111 1111111111 11. 1111111111) 111111111111111,
11111111· &thth 1111111111. G· 3, 4, 8³ 111 1111111111 1111111111. 1111111111, 1111,
11131131111111111111111 1’1“.*“1,11111.1ἒ’11“1111 1111111
2112. - B) 1111.,)11161111;ὁ11 1, 1111 111, 110111 1. 111 witige, 1111111 111 111111,
11111111· 1111111111 ’111 1) 111“·.11·““)”“ 1111110111·
e2³1³) 1111111111 1111,’11,,1Ῐ’1.”1111ζ eisseen. 1, n. erne 1111111 1111111
pragen-mn 11111111), 1111111111, ᾗ) 1111311111), 12' π’ ω’ ς’ ¹³⁵ ’ὦ Μ’
1111111111,111,11111111111, 1111111111. 410. censuere. 4111. 1. (1111111111.
..11111111111111111 ..1111.·.111,.1,11111·. 11111
111111111111111 Maenia (1. columne 111, 1111111 1111111111, (11111 111 1311111 1311111111
111) 1111111 11ΖΣ11’ἱ.”11, 5111131 1’1““1”““”11*ἲ“11 ’“11“1”.111’11ἱ1111111ἰ
11111,11,1.Ἀ)11111’1111111111 111 011111 111 ccicc-emme 9,)231, ε(1.1111111111(1111111111 (111
11101111111, 11161111111111,011.1.0111. ,111111 11111. ΒΑΙ. 341111. 1. 35, 5. 1111.
11111111111111111111... 111111· ’1111111111111111
{⁸³⁸ 1111611111Ϋ111. Flor. n'e. 111. p. 11111111111111111111.111111111111111111,
5ἓὶΙθιίιΙίιι 1 111(11111111) 1111161111 ῗαῗὲ 11αῴ ν(Νη1ῖ111τ1ιῑί11ε1611))(1))ἑ1111ξ11111111Μῖἰὲινῗ
1111 1181111111111111Ν111. 1111. 3, 5, 121 1111). 1111))11111. Nov. 3'1‚⁰2. - 11111. (36:⁸-
1δ11ῐ111δ11111111 aa& acolunipebwmvpoebtee W ”nfn’ciuff'lmet-Mlt Q 11.ι ί(1111111111, 111111·
1111,111111111111111 111111,1.1 ,,.

 

